500
0 0 1 2 3 4 5 6 7 8 9 10
1 0 1 2 3 4 5 6 7 8 9 10
2 0 2 4 5 7 8 9 10 11 16
3 6 7 8 11 13 15 19 21 23 24 25
4 9 10 15 17 21 22 25 27 35 38
5 5 8 11 23 26 27 45 46 51
6 4 8 9 20 34 42 44 45 48
7 1 2 16 18 43 44 47 49 55 56 69 74
8 8 22 29 34 38 39 40 46 49 52
9 4 15 16 29 34 37 47 48
10 8 9 59 72 80 84 99 104 134 135 146 149
11 9 83 140 150 156 157 165 179 184 188 207 214
12 3 16 24 54 65 94 126 127 139 143 149
13 20 41 61 68 73 89 117 124 128 129 136
14 2 12 13 19 23 25 28 33 36 47
15 3 15 24 30 35 43 72 104 121 135 137 153 174
16 36 49 72 99 109 112 113 189 221 228
17 3 49 56 57 59 86 88 117 121 131 149
18 3 52 91 119 173 194 223 231 257
19 71 78 95 113 124 164 167 179 186 227
20 1 3 26 78 88 97 123 126 142 175 289 345 365
21 7 35 37 53 64 75 99 122 123 139 154 202 217
22 0 11 22 26 35 66 87 93
23 30 46 51 54 72 99 122 124 130 137 141 145 181 182 264
24 4 8 15 16 35 49 74 79 89 131
25 17 114 148 149 160 162 262 304 332 354 410 446 499
26 11 13 40 79 164 172 184 220 222 225 277 300
27 30 89 100 130 133 191 209 223 273 287 288 354
28 8 19 32 85 101 127 161 172 190 197
29 4 52 89 135 148 212 225 252 269 285 297 357 428 430 443
30 42 43 64 123 128 135 227 246 302 370 413
31 27 53 72 74 82 91 133 137 149 151 159 186
32 16 30 47 96 145 151 170 177 216 228 237
33 6 74 194 237 271 275 280 306
34 24 25 43 62 80 110 194 210 277 325 333 374 399
35 70 133 162 173 227 240 265 271 275 279 293
36 20 29 45 143 209 230 364
37 30 32 69 81 156 163 277 382 410 481 513 534 691 731
38 10 13 50 52 104 125 160 193 211
39 68 93 143 151 173 203 210 242 251
40 77 89 113 116 147 214 254 260 302 309 347 349 354 414
41 37 75 105 217 294 353 355 363 444 451 491 510
42 13 236 252 312 320 340 434 438 442 493 520
43 4 57 62 150 175 194 259 285 290 314
44 53 59 60 127 194 210 222 263 271
45 96 156 168 201 204 243 314 325 348
46 21 25 103 233 249 262 283 345 375 449
47 14 19 49 79 101 214 251 481 489 570 584
48 73 108 128 213 215 228 251 268 281 295 408
49 7 68 98 99 104 140 164 184 186 211 241 359
50 0 50 86 105 192 422 487 534 721 759
51 57 93 140 210 228 274 308 350 357 412
52 9 59 67 75 135 138 142 145 148 174 188 223 258 306 307 508
53 80 148 172 254 319 334 365 409 445 574 575 618 630
54 37 39 124 129 263 288 297 325 336 511 530
55 81 129 182 198 246 298 326 360 381 605 745 790
56 185 188 205 262 347 385 462 642 734 735 786 793 822 851 860 917
57 51 301 309 402 476 505 537 607 629 675 714 717 746
58 8 14 109 165 207 271 297 298 313 434 455
59 143 223 346 350 363 393 475 522 570
60 31 111 200 218 236 283 307 339 362 395 424 447 449 503
61 85 96 130 254 262 368 506 645 726 741
62 116 180 234 257 300 315 344 390 404 409 488
63 13 28 31 46 111 131 220 243 365 420 444 495 550 697 719 848 926
64 30 38 58 177 266 332 342 347 435 454 469 486 498 557 660
65 40 129 148 312 344 450 504 509 526 548 565
66 6 38 91 111 134 346 378 425 534 786
67 31 251 276 287 474 601 680 744 872 917 930 941 1020
68 76 113 146 176 221 222 262 276 324 388 400 445
69 31 34 120 264 329 513 534 586 638 667 775 816 882
70 116 156 176 283 308 325 384 452 526 553 580 843 956 972 977
71 3 78 110 133 147 170 281 466 588 706 721 783 794 835
72 0 28 48 286 321 333 426 435 467 509
73 99 271 403 526 561 648 650 697 722 744 812 813 888
74 11 25 36 70 73 78 84 184 224
75 6 23 42 78 152 198 230 242 293
76 12 160 164 244 261 289 425 464 489 520
77 4 11 29 216 248 281 339 420 432
78 179 191 199 237 251 257 299 311 377 387 415
79 10 20 24 55 87 96 213 266 297
80 37 142 191 198 287 428 579 591
81 65 90 142 243 266 292 316 349 452 543
82 99 114 199 269 308 402 488 501 524 625 795 822 887 901 941 982
83 44 73 90 161 224 234 238 248 362 536 604 663
84 32 65 182 226 285 394 410 513 575 584 600 632 645 647
85 137 174 260 276 638 664 689 706 877 885 887 945 977
86 123 319 322 359 374 385 484 578 646 673 694 766
87 37 56 112 119 242 314 393 470 615 654
88 0 55 175 228 266 285 286 305 506
89 107 113 124 164 280 290 500 522
90 41 55 267 280 283 316 371 492 507
91 21 43 86 284 345 368 469 542 581 589 600 707 708 732
92 16 47 104 133 135 230 260 262 324 343 436 443 516 575
93 67 167 168 282 358 417 463 496 641 665 682 754 789
94 29 87 89 107 157 181 188 201 338
95 87 94 123 228 287 345 374 434 464 533
96 145 159 198 253 279 318 389 473 516 605 615
97 90 146 190 230 260 353 427 479 513 555 568
98 9 52 62 161 163 283 354 419 459
99 63 73 123 164 181 247 322 326 339 392 394
100 22 110 122 128 323 814 897 949 1089 1154 1192 1342 1788
101 18 171 285 312 327 374 465 615 717 1017 1113 1246
102 49 79 413 517 548 549 657 716 720 737 806 1041
103 363 475 483 487 731 798 922 1116 1277 1366 1813 1920 1991 2182
104 128 153 179 303 322 378 407 462 485 508
105 56 203 234 293 320 486 550 860 923 963 980
106 59 180 615 647 658 668 691 700 718 765 834 988 1039 1063
107 215 246 381 486 496 503 505 627 911 964 1072
108 27 61 107 174 579 892 967 1039 1248 1251
109 344 373 385 394 617 781 919 941 1051 1083 1213 1329 1357
110 46 47 160 255 298 414 588 658 682
111 320 430 439 446 449 507 555 1001 1038 1090
112 192 194 250 392 408 474 1012 1014 1106 1252 1263
113 81 88 95 166 277 362 618 641 744 757 835
114 26 41 104 218 223 440 795 954 1000 1138 1292 1434
115 681 693 726 1034 1038 1221 1283 1617 1761
116 73 324 454 465 716 798 1153 1255 1329 1347 1447 1580 1609 1879 1971
117 368 389 555 1166 1415 1726 1834 1955 2042 2145
118 76 118 309 313 433 480 567 799 1551 1642 1687 1780
119 123 131 145 245 283 291 393 517 531 702 756 809
120 123 415 592 602 794 995 1030 1043 1068 1078
121 148 233 527 623 658 674 744 787 891 987 998 1095 1119 1536 1791
122 39 118 249 746 893 959 989 1069 1114 1206 1214
123 28 95 252 271 401 675 711 745 930 1030 1250
124 14 114 188 219 254 406 456 476 536 543 580 917 1220 1426 1455 1489
125 124 154 379 496 866 1567 1744 1914 1974 2236 2326
126 137 197 303 506 677 837 874 912 1346 1401 1477 1541 1562 1707
127 36 129 251 273 282 384 414 427 498
128 148 408 412 421 480 490 547 1435 1507 1538 1569
129 51 280 306 382 430 599 933 978 1021
130 20 62 238 247 278 357 385 537 736 1090 1237
131 49 219 404 472 705 727 833 874 878 888 904 1081 1219
132 11 107 314 390 394 751 792 876 1105 1334 1602
133 275 325 562 678 704 813 824 911 951 959 999
134 155 163 168 315 326 585 590 629 665 787 796 839 849 912 945
135 43 173 344 691 720 919 1143 1187 1287 1372
136 8 15 98 133 190 302 304 307 362 380 389 708
137 61 96 228 260 269 271 364 477 744 1145 1176 1278 1390 1411 1465
138 155 175 197 247 368 451 573 715 725 810 861 867
139 4 53 334 545 562 613 689 911 1093
140 175 234 293 525 594 777 788 963 1146 1261 1352
141 55 74 266 441 459 635 717 729 764
142 111 146 303 316 317 454 513 593 604 621 708
143 27 107 124 173 277 441 544 567
144 257 279 342 412 507 535 632 813 912 974 1289 1300
145 52 60 206 486 531 724 810 874 919
146 151 206 241 274 319 404 543 597 690 754
147 107 227 260 297 347 368 465 758 777 787 932 937 978 1050 1113
148 316 355 443 470 548 624 666 695 768 886 909
149 91 101 108 148 673 676 986 1116 1125 1225 1392 1414 1415 1471
150 5 15 16 140 175 201 472 527 597 695 759 803
151 80 126 150 198 242 429 462 471 686 736 796
152 160 492 558 689 806 1210 1260 1283 1364 1461
153 130 452 485 707 806 813 854 857 1033 1040 1042 1096 1120
154 144 185 195 411 507 532 575 678 689 711 958
155 119 342 371 468 470 560 596 910 914 991 1177 1416
156 10 60 147 233 289 440 865 1162 1293 1425 1537 1569
157 266 375 380 467 489 495 677 779 871 1078
158 80 249 391 512 570 597 638 662 699 702 808
159 243 283 413 930 1080 1174 1177 1308 1400 1428 1452 1714 1752 1779 1810 1935
160 188 221 242 254 294 364 427 488 634 674 720 792 797
161 38 66 416 538 549 995 1016 1073 1094
162 86 112 150 370 422 444 500 519 714 842 938 955
163 194 428 442 513 573 704 897 1072 1584
164 257 327 640 686 766 945 1074 1089 1137 1177 1184 1228
165 172 180 297 432 477 514 530 535 586 696
166 113 357 375 385 418 556 778 824 873 991 1013
167 163 189 306 463 465 1003 1013 1020 1077 1230 1363
168 78 118 134 242 285 344 357 442 462 556
169 153 410 473 524 705 749 824 845 896 904 942
170 49 111 258 345 370 385 432 443 547 646 648 688
171 132 137 168 379 599 634 696 767 948 1298 1355 1358 1365
172 15 47 182 268 823 911 1034 1084 1101 1295 1428
173 14 245 247 309 315 526 569 609 834 879 1129 1141 1165
174 107 110 154 370 404 491 578 593
175 62 224 265 278 319 371 447 513 555 767 808
176 324 450 480 591 832 867 921 1039 1217 1310 1392 1460
177 377 393 471 487 559 565 717 755 917 925 1058 1094 1244 1351
178 418 484 505 597 724 772 833 854 1080
179 147 172 287 300 365 414 559 866 993 1198 1496 1552 1593 1696 1713
180 217 299 329 358 387 562 658 762 835 929 948 954
181 239 294 585 604 636 1086 1235 1296 1411 1426 1596
182 61 129 141 203 230 247 519 554 696 733 805 1020 1366 1383 1473 1833
183 10 211 314 390 512 615 622 742 779 846 873 933
184 107 362 371 450 486 497 530 543 545 633
185 271 317 323 385 430 505 590 700 772 844
186 60 89 109 179 243 310 445 594 603 616 674
187 183 265 303 410 640 726 735 746 802 812 952 1023 1077 1121 1548 1617
188 32 86 134 206 261 270 307 363 453 499 509 541
189 41 62 253 369 442 830 854 875 900 939 1257 1385
190 75 143 160 250 415 584 669 775 815 850 880 1145
191 206 315 425 747 794 856 1272 1324 1340 1489 1658
192 33 112 122 184 416 457 544 652 728 780 878 953 956 1009
193 182 258 269 334 537 565 672 733 839 1070 1085
194 227 262 359 462 546 548 549 557 601 738 888 1040 1093
195 6 66 243 293 499 604 614 783 822 823 1194 1273 1311 2038
196 120 268 291 351 462 734 735 936 960 1040 1133 1338
197 111 825 1056 1267 1298 1325 1474 1478 1534 1600 1713
198 45 54 123 231 241 281 290 314 420 480
199 68 106 155 198 329 341 503 618 701 703 710 860
200 209 427 474 648 732 775 1085 1176 1372 1402 1407 1418
201 73 291 382 731 760 938 1008 1103 1140 1265 1288
202 132 300 379 384 411 426 541 646 723 812 1026 1186 1407 1572
203 97 308 310 534 567 586 855 964 1014 1064
204 107 727 791 857 861 999 1039 1200 1219 1311 1688
205 74 75 79 119 122 301 323 361 401 580
206 52 107 163 338 376 387 444 562 570
207 40 114 134 184 329 465 630 647 890 955 1011 1080
208 333 431 528 715 764 784 908 999 1059 1091 1156 1187 1398
209 73 214 278 327 571 656 781 824 934 1042 1122 1125 1273 1315 1477
210 175 243 444 465 622 802 1094 1260 1317 1339 1395 1445 1522 1657 1952 2218 2359 2432
211 139 209 233 234 247 353 458 576 628 676 737 868 917
212 153 299 348 350 514 532 601 614 698 889
213 69 100 177 285 451 561 589 782 790 894 950 1223 1249
214 46 79 118 125 281 330 393 437 464 662 850 867 931 938 1004 1042 1215 1242
215 77 143 171 176 265 281 437 481 557 638 667 740
216 49 99 440 523 636 870 881 946 1004 1149 1154 1341 1367 1525
217 83 297 381 507 586 699 778 889 907 1051 1166
218 339 860 1350 1448 1473 1484 1899 1985 2159 2335 2346
219 41 169 266 307 410 442 497 520 688 689 716 782
220 68 284 303 309 400 403 477 532 560 726 763 869
221 15 91 301 389 490 520 861 994 1027
222 106 184 379 492 634 698 944 954 974 1782
223 207 224 402 468 807 914 1143 1206 1406 1600 1676
224 153 271 328 452 733 763 801 907
225 78 140 155 304 625 689 762 766 862 864 865 894 921 1179 1181
226 421 434 521 612 663 743 811 929 957 1042 1089
227 44 46 189 282 533 613 625 754 794 900 988 999
228 276 317 376 498 502 529 655 725 776 795 817
229 233 247 406 497 594 693 723 843 920 956 1259 1281
230 116 366 368 542 575 766 836 907 1140 1219 1229 1238 1271 1273 1409
231 6 246 415 422 469 477 513 775 886 1043 1259 1485 1635 1793
232 8 85 113 224 336 340 346 469 630 713 1034
233 49 65 377 419 650 651 682 738 806 874
234 10 214 249 416 428 518 598 627 760 800 881
235 21 292 399 474 646 732 860 883 896 1004 1187 1311 1453 1598 1600
236 283 716 856 1093 1127 1282 1479 1485 1520 1591
237 0 210 411 622 624 644 648 845 925 1028 1037 1237
238 124 132 145 148 156 216 445 651 653 776 837 932
239 58 168 396 589 695 715 946 1048 1094 1144 1216 1249 1289 1410
240 86 115 279 344 345 362 425 548 587 739 755 770
241 116 140 232 392 478 503 817 935 969 1217 1280 1326
242 167 418 447 473 573 610 825 937 1274 1319 1342 1363 1413
243 16 90 168 339 414 447 506 762 791 892 901 943
244 116 154 265 289 421 602 609 703 741 816 819
245 81 139 213 229 338 358 374 597 959 985 1115 1118
246 79 189 277 364 553 556 588 807
247 302 398 412 508 618 648 726 796 881 885 915 1096 1611 1731 1769 1835
248 43 92 126 177 318 339 479 764 765 777 834 887
249 31 79 141 220 291 551 563 783 799 896 906 957
250 33 196 229 405 548 718 749 809 815 873 879 882
251 23 29 203 211 218 346 349 403 695 1110 1154 1200 1471 1822
252 1 224 266 403 806 927 979 1089 1118
253 14 93 110 238 300 455 669 881 1004 1247 1317 1372 1378 1451 1567 1734
254 127 150 181 336 510 614 771 789 897 971
255 117 201 312 666 694 740 748 942 961
256 182 194 199 212 323 355 577 605 650 695 701 711 796 1050 1083 1113
257 152 244 340 347 701 800 1027 1070 1074 1201 1272
258 48 60 149 428 634 789 948 1016 1023
259 38 206 239 295 436 440 490 509 751 816 874
260 31 90 133 210 308 410 477 494 544 592 598 791 980
261 40 43 275 596 628 1058 1084 1127 1161
262 53 59 110 184 272 305 324 366 396 430 470 663
263 15 129 249 286 348 416 436 478 500 606
264 56 75 98 140 229 288 399 898 1270 1308 1470 1525
265 53 905 1200 1595 1704 1717 1735 1747 1776
266 34 39 94 173 184 229 337 680 759 789 843 935
267 32 74 177 323 337 363 482 965 998 1104 1588 1625
268 50 261 476 563 572 634 686 704 707 844
269 82 221 456 520 539 545 549 691 787 828 924 1162 2035
270 37 193 242 263 296 480 481 546 586
271 345 412 659 717 940 946 953 1017 1182 1391 1476 1632 1866
272 11 172 222 242 293 499 604 915 1025 1060
273 61 71 137 167 181 197 344 357 423 450 455
274 95 119 257 268 304 364 560 650 737 760 794 937 1027 1058 1117
275 19 129 303 346 592 641 749 765 987 1012 1075
276 207 647 658 663 684 793 920 950 1006 1070 1180 1238 1240 1397
277 148 216 243 244 334 369 374 412 424 658 694 810 867
278 99 147 151 166 556 575 611 672 705 831 871
279 103 314 326 421 441 610 640 696 701 768 860
280 0 131 250 344 479 702 705 764 1155 1276
281 190 226 366 410 524 543 555 582 650 742 785 811
282 70 215 687 735 774 866 957 1160 1196 1235 1309 1328
283 28 50 229 285 380 435 551 571 619 659 828
284 0 48 299 301 628 751 896 932 1153 1160 1494
285 44 80 284 373 398 414 429 504 728 873
286 88 216 266 599 729 733 739 964 973 1058 1256 1301 1305 1376 1383
287 26 53 56 300 327 394 465 476 482 524 703 732 750 811 836 861
288 0 181 266 352 463 475 688 826 884 1214
289 117 291 303 583 589 655 687 706 991 1036 1112 1413 2241 2274
290 11 119 337 497 704 862 1020 1061 1079 1087
291 178 231 267 367 393 530 558 732 760 855 870
292 129 440 580 581 643 811 881 980 1112 1306 1539 1560 1614
293 16 68 114 212 228 336 491 660 841 1125
294 136 359 474 547 603 682 832 880 934 981 992 1050
295 16 183 231 311 343 398 473 596 606 619 645
296 19 35 124 229 367 452 550 595 693 871 950 1085
297 22 167 193 224 252 279 327 459 579 646
298 30 39 53 80 162 178 273 334 573 580 990 1281
299 52 145 256 444 611 713 982 985 1068 1264 1400
300 56 330 416 462 506 628 759 990 1098 1145 1352 1372
301 197 274 364 563 750 787 987 1247 1355 1470
302 32 109 249 286 361 510 530 577 649 924
303 29 60 440 449 607 747 962 972
304 20 28 61 67 207 317 399 491 517 676 730 825 867 913
305 87 99 111 161 201 294 452 491
306 259 376 475 607 693 762 767 779 841 867 978 1387 1407
307 197 206 239 264 494 655 691 835 931 1285 1316 1369
308 37 334 367 578 641 657 737 852 912 1296 1367 1492
309 136 165 313 532 558 580 664 670 706 883 1140
310 133 178 318 328 378 514 608 615 649 713 950
311 156 171 201 391 502 592 683 702 781 856 979
312 144 227 347 391 396 545 723 791 814 817 901 1051
313 6 27 459 493 569 771 1308 1765 1932 2005 2025 2138 2254
314 180 217 276 298 343 357 478 599 726 734 774 834 927
315 37 44 324 372 377 382 512 602 625 670 673 719 764 789 932
316 267 635 668 689 717 751 1000 1257 1264 1316 1437
317 51 135 189 208 334 360 392 398 420 695 795 837 886 1125
318 15 222 289 664 737 775 929 1112 1187
319 138 175 335 344 450 484 516 618 626 627 737
320 160 171 714 811 865 1147 1253 1311 1544 1559 1625
321 69 143 173 235 370 509 517 530 757
322 102 110 178 262 328 587 751 785 804 840 948 1017
323 29 32 109 110 263 297 443 545 753 979 1063 1078 1114
324 19 122 191 197 335 391 424
325 0 31 73 102 114 330 432 477 710 800
326 267 433 637 717 719 794 864 1098 1126 1242 1356 1493 1595
327 35 43 184 281 291 318 389 456 537 716
328 27 121 233 257 534 588 592 1116 1218 1247
329 90 100 300 375 747 770 804 807 863 937 959 1238 1301 1428
330 300 365 431 519 537 653 918 1001 1360 1426 1610 1633
331 51 162 268 355 408 530 589 603 756 763
332 145 389 496 641 872 968 1069 1108 1304 1325 1366
333 335 474 582 620 684 740 870 895 1107 1149
334 69 148 188 306 570 584 642 705 795 798 926 927 1149 1213
335 337 390 400 590 796 1014 1033 1040 1044 1238 1282 1474 1510
336 262 272 505 610 694 1417 1452 1748 1828 1941
337 164 359 643 644 754 974 1053 1056 1122 1150 1330 1423 1443
338 73 114 182 262 379 436 601 680 699 701 732 876 944
339 131 182 428 484 521 538 842 843 894 960 1003 1056 1074 1180
340 129 320 358 540 570 622 763 793 807 861
341 17 175 312 354 370 375 461 544
342 73 190 196 319 625 631 682 689 731 1219 1247 1358 1400
343 170 199 384 643 709 831 925 1017 1064 1229 1249 1606 1615 1639
344 108 228 462 576 682 738 856 874 1084 1112 1340 1354 1426
345 130 386 492 503 620 680 698 721 744 770 792 946
346 64 77 180 205 210 587 598 739 803 951
347 177 270 444 464 493 501 502 524 568 654 850 876 879 928
348 1 37 94 131 186 278 395 500 523 721 916 932 1032
349 81 242 512 655 678 716 965 1070 1115 1183 1273 1357
350 68 104 206 260 420 526 730 940 1243 1360 1640 1707 1714
351 93 278 328 358 453 776 887 937 992 1012 1101 1229
352 100 158 179 308 317 435 490 604 718 743 753
353 169 426 470 480 556 594 681 720
354 70 182 344 451 547 554 588 769 794 823
355 36 171 295 544 762 806 811 866 1016 1177 1205
356 5 52 163 300 363 383 432 642 684 786 866 906 949
357 108 175 256 276 315 568 594 720 740 752 787
358 167 357 431 469 691 743 1171 1225 1380 1476 1656 1692
359 162 682 713 952 1142 1169 1218 1249 1305 1647 1724 1784 1832 1849 1940 2170
360 188 244 434 475 543 550 713 779 897 944 1032 1066 1159
361 21 145 189 208 496 754 1034 1167 1240 1339 1378 1478 1509 1515
362 27 49 178 230 298 545 570 592 889
363 37 152 190 382 569 597 715 841 897 903 921 1138
364 199 216 305 340 458 525 584 982 1196 1247 1253 1391
365 36 62 71 266 373 609 649 670 867 1009 1066
366 129 196 222 465 868 1046 1152 1168
367 260 387 543 672 687 774 813 925 954 1228 1393 1441 1452 1494
368 11 18 113 214 344 358 444 454 465 542 577 583 716 718 734 770
369 50 104 131 200 255 346 390 440 582 674 685 718
370 117 222 489 507 670 701 722 832 849 886
371 110 130 507 526 580 781 960 1070 1132 1182 1560 1708 1838
372 20 35 433 534 554 610 682 707 786 962 1085 1241
373 139 140 159 161 219 362 404 473 644 782 835 891 959
374 268 295 307 357 361 449 453 614 646 1051 1054
375 52 115 146 186 332 463 524 550 594 635 972
376 8 173 176 237 375 496 593 605 658
377 58 61 136 165 175 290 291 330 351 460 710 1031
378 101 111 121 177 234 309 363 406 538 591 593 762 956 1216 1353
379 37 210 245 268 269 384 531 626 710 735
380 8 131 143 182 193 356 438 451 514 577 628 774
381 208 212 230 336 495 510 618 717 761 929 1016 1039
382 189 194 231 392 436 692 845
383 130 297 426 432 498 566 584 1025 1037 1071 1089
384 156 398 483 532 587 590 678 751 835 838 1184
385 27 223 298 579 603 727 773 804 843 848
386 1 129 141 347 453 477 494 548 587 612 643 677
387 93 111 314 315 805 831 1062 1105 1120
388 32 231 261 296 439 450 586 606 722 745 891 925 1070 1151
389 37 47 160 239 242 255 357 406 536
390 35 232 319 348 354 358 574 593 651 663 687 699 759 769
391 251 348 422 1088 1102 1207 1259 1301
392 55 161 187 216 577 708 714 737 752 759 778 860 874 887
393 185 315 347 505 584 628 637 690 855 912
394 619 710 876 963 979 1016 1075 1205 1328 1430 1436 1437 1554 1650
395 185 228 248 328 349 351 362 496 505
396 269 396 479 483 566 622 910 923 1049 1066 1080 1170 1192
397 100 250 256 258 470 487 505 514 576 829 957
398 98 105 126 205 250 417 517 779 1077 1148 1156 1318 1325 1461 1605
399 66 216 271 367 409 654 710 737 868 928 998 1122
400 24 184 206 207 286 334 369 524 567 572 676 712 714 757 770
401 95 358 823 1154 1179 1261 1318 1327 1386 1670 1684
402 8 68 215 347 742 1046 1047 1070 1142 1564 1728
403 125 193 308 410 432 618 774 822 954 995 1048 1264
404 209 212 302 456 551 568 573 589 658 708 933 1176
405 56 259 333 373 375 379 636 838 1137 1258 1335 1365 1413
406 13 47 82 489 521 635 764 774 980 1296 1407
407 54 169 303 336 359 445 468 526 705 878 925 952 975 1090
408 169 490 611 632 706 727 743 828 978
409 117 179 218 283 324 446 500 593 928 1096 1112
410 8 29 56 113 176 292 340 430 486 543 580
411 5 138 330 374 406 575 621 872 1010 1014 1101 1124 1188 1274 1319 1345
412 4 75 93 156 796 840 986 993 1080 1093 1143 1204
413 91 166 215 242 272 373 710 761 770 783 898 903 1086
414 28 42 76 205 209 402 445 513 599 649 737 984
415 139 183 226 333 389 397 495 541 675 684 810 924 956 977 985
416 121 156 178 238 334 879 972 1006 1138
417 31 59 222 348 379 499 625 652 680 737 872
418 113 138 407 543 561 677 739 882 891
419 39 83 345 688 733 850 898 962 963 1030 1036 1227
420 36 183 359 369 401 565 625 656 701 842 876 905 995
421 21 48 237 324 359 421 565 591 599
422 92 132 271 492 494 515 733 786 1028 1365 1369 1464 1546
423 23 32 113 250 313 332 481 546 547 878 938
424 80 266 374 389 506 616 760 840 896 924
425 4 96 147 206 271 283 329 365 527 600 670 759 804 883 917 1054
426 113 193 207 323 424 548 731 781 872 995 999
427 35 87 182 327 564 672 769 894 1004 1101
428 119 191 372 392 443 503 591 643 655 768 770 912
429 53 185 199 230 351 453 667 774 889 1044 1147
430 201 264 630 762 1003 1012 1084 1091 1150 1218 1335 1383 1471 1575
431 40 147 152 208 236 644 711 916 1058 1132 1156 1315
432 171 181 232 320 482 487 494 522 527 712 783 901 1049 1117 1156 1185
433 50 117 192 507 517 548 563 624 747 948
434 17 67 148 153 612 650 990 1304 1322 1586 1741
435 160 231 404 437 466 605 612 648 711 778
436 344 439 477 535 538 541 597 705 747 815 862 906 919 1164 1216
437 260 300 306 378 388 749 821 823 996 1028
438 130 210 242 326 383 419 545 546 548 559 622 695
439 258 285 368 401 489 584 841 975 996
440 163 209 322 501 615 632 736 793 1013 1150 1187
441 262 297 451 470 533 606 647 788 858 911 1000
442 124 142 239 513 826 1065 1080 1159 1226 1272 1791 1794 2141 2143
443 95 247 508 646 676 817 822 846 896 913 990
444 231 377 421 660 709 754 858 896 902 997 1105 1131
445 94 105 302 317 426 489 600 699 835 1057 1082
446 10 16 154 214 219 327 338 369 438 447 481 511
447 184 268 276 359 364 871 1021 1035 1108
448 125 211 436 556 654 1089 1336 1432 1506 1588 1644 1719
449 84 120 282 469 579 608 619 776 918 932 1024
450 45 53 565 640 777 872 1097 1113 1219 1223 1330 1360 1379 1463 1591
451 16 21 65 166 550 612 751 902 1033
452 0 137 355 392 438 509 547 845 904
453 22 230 381 527 881 912 924 1002 1042 1121 1125 1314 1424 1761
454 61 147 176 215 237 340 1062 1085 1172 1536 1554 1569
455 19 70 113 255 385 602 744 748 750 839 860 887 896
456 139 182 238 249 255 260 276 331 514 554 571 685 738 888 931
457 52 66 69 398 399 488 655 857 891 897 951 952 1083 1180 1281
458 76 140 146 155 175 240 613 703 719 743 777 833 882
459 80 470 513 601 740 743 806 844
460 95 97 102 139 147 369 562 584 689 698
461 75 108 303 357 461 684 685 761 799 812 836 918 930 1089
462 75 481 719 755 904 919 970 1100 1227 1303 1314 1457 1507 1580
463 195 347 491 697 835 871 943 1082 1381 1414 1734 1768
464 26 68 89 92 164 212 345 559 666 745 768 777
465 53 84 101 106 185 187 252 501 562 623 701
466 62 124 367 483 565 652 759 800 839 949 1207
467 108 162 216 286 385 491 592 595 808 938
468 34 48 59 347 422 486 556 674 690 749
469 81 395 503 506 522 559 599 637 768 843 953 976
470 21 306 410 579 599 602 714 763 965
471 1 99 423 455 644 683 746 919 1019 1312
472 175 317 355 409 467 492 517 594 616 705 756 1143 1205
473 18 54 85 266 317 487 492 534
474 71 147 576 670 672 696 755 818 1057
475 5 115 119 155 391 606 793 821 822 864
476 145 329 424 568 901 912 938 948 959 1146 1309
477 39 204 231 270 406 504 541 580 618 649 658
478 64 135 137 229 281 324 357 503 573 581 787 1153 1214
479 145 365 451 491 671 832 979 1013 1077 1145 1183 1227 1430 1463 1771
480 114 172 390 473 653 933 993 1228 1586 1609 1688
481 15 226 247 256 279 455 520 528 629 823 925 1037 1208 1231
482 364 463 587 624 761 831 890 1005 1177 1224
483 123 204 298 415 714 786 831 913 982
484 265 459 704 1376 1399 1428 1433 1500 1580 1636
485 57 398 414 656 751 761 1030 1176 1241 1283 1387 1431
486 8 69 256 392 432 783 929 1052 1183 1226 1256
487 162 571 815 1073 1074 1232 1238 1390 1529 1562 1712
488 57 93 216 227 237 434 546 763
489 84 168 212 272 656 695 790 891 919 987 1009 1138 1139 1148 1171 1183
490 35 59 130 193 210 222 227 283 294 300 356 368 437 454
491 222 243 262 385 387 502 747 770 926 978 1040
492 23 68 145 234 632 687 990 1020 1056 1057 1202
493 8 40 150 163 233 365 409 481 502 707
494 137 161 257 494 501 541 603 757 810 963 1130 1214
495 76 103 158 210 234 282 287 421 437 505 563
496 95 190 194 307 338 437 458 484 551 580 655 794
497 87 99 126 317 465 508 522 536 586 820 876 951
498 193 460 522 689 711 806 811 901 1046
499 84 101 115 150 151 320 664 753 794 825 840 891
