100
0 0 1 2 3 4 5 6 7 8 9 10 11 12 13 14 15 16 17 18 19 20 21 22 23 24 25 26 27 28 29 30 31 32 33 34 35 36 37 38 39 40 41 42 43 44 45 46 47 48 49 50 51 52 53 54 55 56 57 58 59 60 61 62 63 64 65 66 67 68 69 70 71 72 73 74 75 76 77 78 79 80 81 82 83 84 85 86 87 88 89 90 91 92 93 94 95 96 97 98 99 100
1 0 1 2 3 4 5 6 7 8 9 10 11 12 13 14 15 16 17 18 19 20 21 22 23 24 25 26 27 28 29 30 31 32 33 34 35 36 37 38 39 40 41 42 43 44 45 46 47 48 49 50 51 52 53 54 55 56 57 58 59 60 61 62 63 64 65 66 67 68 69 70 71 72 73 74 75 76 77 78 79 80 81 82 83 84 85 86 87 88 89 90 91 92 93 94 95 96 97 98 99 100
2 1 2 3 5 7 10 14 15 16 22 23 24 26 29 31 34 39 40 42 44 45 46 47 49 53 54 55 57 58 62 70 73 77 78 79 80 84 85 88 92 95 96 99 101 102 104 106 108 112 118 120 121 122 123 126 129 130 131 132 134 136 137 138 139 142 144 145 146 147 148 149 152 154 158 159 160 161 163 166 167 168 169 170 171 172 174 180 181 182 184 186 187 188 189 190 191 192 193 197 199 201 203 204 207 208
3 0 6 9 11 12 14 16 22 25 26 28 29 33 34 35 36 41 42 43 50 52 55 56 58 59 62 63 66 67 68 69 70 77 83 84 87 90 95 98 99 101 106 108 110 113 114 116 119 120 121 122 124 125 126 127 128 132 133 140 141 142 145 152 153 155 157 162 164 167 170 172 179 186 187 188 191 192 195 197 198 200 202 203 204 205 209 210 211 212 214 216 217 218 219 221 224 226 227 230 234 237 245 252 255 256
4 6 17 20 25 26 28 31 33 36 42 43 46 47 48 52 54 55 57 59 60 61 64 65 66 69 71 73 75 78 82 83 84 85 86 88 96 97 99 101 103 105 108 113 116 117 119 123 124 127 131 133 136 139 140 144 151 156 157 164 170 173 175 178 179 181 182 186 187 192 203 204 206 209 210 215 225 227 229 231 232 233 237 241 245 246 247 249 251 253 254 258 259
5 5 12 17 23 25 29 30 32 48 49 54 55 64 65 79 81 84 85 87 95 98 102 133 136 139 142 146 147 149 168 171 176 177 181 189 191 193 195 198 200 203 207 208 209 212 214 216 226 232 239 242 249 254 266 275 278 279 285 308 320 321 328 332 334 336 341 348 351 353 354 362 365 374 377 379 385 392 399 407 412 414 417 418 420 421 431 435 441 448 457 458 462 464
6 12 15 17 18 19 20 25 26 37 40 47 52 58 65 70 74 79 84 88 90 91 99 100 102 114 115 120 122 125 132 138 140 156 157 161 163 169 171 172 178 179 180 186 200 202 208 210 211 215 225 235 246 249 257 261 265 267 268 270 271 283 295 300 303 307 312 324 336 341 342 345 349 354 359 360 363 364 367 368 369 370 377 391 394 396 398 401 411 412 413 418 425 435 441 449 452
7 0 18 20 24 31 34 37 40 41 42 43 44 49 61 65 76 77 81 84 90 98 99 104 113 117 125 129 137 139 143 147 150 152 153 156 171 173 174 182 183 186 191 192 194 199 212 218 222 226 228 231 234 239 240 247 253 260 264 276 281 282 291 303 307 311 315 324 332 347 353 354 364 374 375 386 387 390 391 397 398 408 410 414 415 418 431 438 439 444 448 451 455 468 486 490 494 496 500 513 517 523 525 527 529 533 537 540 542
8 5 7 15 17 22 25 34 36 43 46 48 51 54 55 60 63 66 71 72 73 74 85 86 87 95 97 101 104 106 118 122 129 136 138 140 145 146 147 148 150 160 170 172 180 182 183 187 188 189 197 199 205 206 210 217 220 222 223 229 239 246 247 256 261 266 272 288 289 292 297 313 325 326 327 338 344 353 365 367 368 376 377 383 398 403 414 415 423 437 438 454 457 458 466 471
9 2 4 8 10 16 17 23 26 32 36 38 55 62 63 66 68 70 79 90 95 100 108 113 115 118 123 125 128 138 142 143 146 147 150 151 152 154 168 173 179 184 206 207 209 210 214 218 219 243 246 248 250 252 258 260 263 270 273 276 278 286 297 298 300 302 307 313 323 332 334 337 338 358 376 381 383 388 389 390 397 400 401 405 413 419 427 433 437 440 454 462 463 471 479 484 485 488 493 494
10 15 29 32 69 104 110 118 120 129 141 159 169 175 178 179 189 191 204 213 225 253 254 264 265 277 286 291 293 296 308 336 352 354 357 365 370 375 380 397 413 419 423 424 427 447 451 459 461 472 491 501 515 522 524 527 537 538 550 552 567 581 590 594 597 598 601 633 637 639 646 648 651 653 655 661 696 697 744 745 765 769 771 776 789 815 817 829 836 843 846 862 869 872 877 886 887
11 17 25 26 43 47 53 64 75 79 80 87 108 113 125 139 143 144 145 152 154 156 164 165 173 179 185 195 200 211 213 216 220 222 236 241 247 251 256 258 266 276 329 334 337 353 356 364 372 375 389 390 398 416 424 449 470 482 509 513 527 529 530 532 534 541 549 565 574 577 578 583 596 601 612 616 625 639 641 649 659 663 668 702 703 718 721 726 729 741 743 745 749 788 805 807 821 831 839 841 850 857 862 863 865 876 883 884 891
12 9 13 22 25 59 85 121 130 139 151 163 189 194 210 227 233 236 241 243 253 255 263 266 272 294 298 325 328 331 332 334 337 342 347 358 365 384 387 403 415 418 422 424 425 429 436 437 438 439 457 465 467 478 488 489 499 507 509 510 528 529 534 538 543 554 558 583 587 594 614 616 629 632 640 643 645 661 667 669 678 685 687 699 725 742 750 755 756 757 772 776 789 804 808 830 839 841 863 866
13 4 11 16 24 25 28 30 68 69 98 123 124 146 150 151 156 179 188 199 201 211 228 237 243 254 259 270 283 286 289 298 302 320 321 323 324 325 338 340 345 363 364 383 386 400 402 416 432 441 442 450 455 456 458 465 478 480 482 487 499 550 556 559 564 575 586 605 606 607 616 621 629 642 644 649 656 659 660 669 679 709 718 721 726 738 754 766 768 773 784 789 795 802 806 820 835 854 860 869 872
14 7 8 10 11 14 15 22 32 38 60 63 68 70 79 103 115 116 121 140 145 155 156 164 165 168 170 177 190 194 198 206 215 220 231 270 273 277 281 293 295 322 337 345 348 355 371 390 395 408 411 453 467 473 478 482 485 492 500 504 513 518 519 530 540 556 581 582 588 589 598 599 600 615 622 641 648 657 662 665 682 687 694 709 710 714 725 737 742 743 747 750 776 801 809 816 823 824 830 841 860 880 881
15 37 41 44 50 52 61 72 77 85 92 95 98 101 105 127 129 132 142 144 146 175 177 191 199 208 218 233 238 239 266 271 274 278 291 303 304 308 309 311 312 319 321 326 327 331 340 352 354 356 360 374 378 426 430 432 459 469 490 511 515 524 534 540 544 603 621 626 628 632 640 643 657 706 707 708 714 717 721 723 730 740 744 749 753 773 786 803 804 810 818 824 826 832
16 2 12 23 40 43 51 56 58 60 62 74 81 86 101 102 115 119 123 133 134 141 142 147 152 166 169 183 209 229 233 235 248 279 288 301 316 332 338 365 375 395 400 408 409 414 423 425 447 450 454 458 464 490 491 527 537 557 558 565 569 586 593 599 610 631 632 634 637 646 677 692 694 705 731 746 751 773 782 790 795 799 807 814 817 820 822 824 842 844 854 858 866 868 870 898 904 933 945 949 954 972 989 992 1027 1052 1057 1060 1068 1070 1080 1087
17 9 13 28 31 33 34 39 52 53 56 67 72 79 81 86 96 102 104 111 121 125 139 141 150 151 188 190 203 205 208 213 220 223 228 237 243 253 258 263 269 274 291 295 297 301 310 319 322 325 335 340 348 350 355 356 377 383 384 395 398 400 403 409 441 447 479 488 491 507 536 561 604 607 610 612 622 676 678 684 721 738 746 748 756 757 771 772 776 782 796 803 813 828 852
18 5 6 20 30 32 33 38 45 54 62 72 105 109 113 138 143 144 149 153 162 170 172 180 187 196 198 199 219 225 238 259 262 263 277 280 284 285 294 296 307 310 312 321 327 330 348 364 372 388 394 398 402 434 435 442 445 460 462 467 468 476 497 505 507 514 560 574 589 594 604 612 627 638 641 646 667 670 672 681 682 694 695 704 727 729 732 735 756 788 792 812 818 819 821 828 833 853 860
19 6 10 19 25 28 42 48 49 77 81 87 94 102 134 149 157 169 182 213 217 241 245 248 264 271 276 282 297 300 306 314 323 332 334 344 378 403 410 414 424 429 433 449 453 456 472 495 499 502 505 508 513 522 550 556 562 586 604 605 616 645 651 657 662 670 671 672 676 684 685 721 728 729 793 796 800 801 805 838 845 878 886 887 904 906 909 911 922 924 936 937 939 947 950 961 980 990 995 1003 1012 1017
20 0 10 32 36 71 72 84 91 94 95 100 117 126 131 132 141 147 148 152 155 167 182 196 210 233 235 238 240 258 263 274 288 289 291 292 293 294 297 302 340 346 358 367 382 398 402 408 418 433 440 450 464 473 480 485 486 499 510 529 533 558 567 581 582 598 608 625 630 649 675 677 682 690 694 696 711 714 729 759 774 785 791 799 803 807 821 822 826 827 843 847 850 861 862 869 872 884 887 906 909 922 932 949 969
21 8 13 21 25 49 59 80 96 112 127 137 140 148 153 156 160 181 183 196 209 212 217 228 236 237 255 258 279 282 288 295 303 319 332 361 368 402 412 420 457 459 463 468 482 520 526 527 549 553 557 562 593 595 601 607 621 622 648 651 655 656 669 690 700 743 749 752 757 770 779 786 804 806 821 834 835 837 860 881 888 897 914 922 928 935 956 985 996 1004 1047 1065 1076 1077 1078 1082 1107 1115 1120 1125 1134 1135
22 0 5 19 23 25 33 36 37 39 52 56 105 110 123 146 150 156 160 174 179 188 189 192 224 246 252 257 263 270 279 282 283 299 300 310 313 345 352 356 361 368 370 379 386 393 398 403 404 431 432 444 467 492 500 513 525 553 558 586 597 598 606 619 654 683 696 704 712 741 755 777 781 792 808 820 822 828 829 830 833 854 867 878 891 892 984 994 1016 1021 1022 1029 1032 1046 1048 1061 1062 1069 1078 1081 1083 1089
23 3 5 9 10 11 18 39 56 76 95 107 119 122 134 135 150 170 173 226 237 242 253 256 270 273 278 289 308 314 319 331 334 339 358 361 368 388 393 399 401 407 417 432 452 467 470 484 501 527 535 539 541 548 562 568 599 615 619 649 664 667 670 678 687 701 708 710 720 757 776 794 803 806 825 826 828 830 834 839 841 846 864 905 906 907 909 911 919 924 937 959 968 972
24 10 11 19 36 37 48 85 102 103 116 117 131 134 142 151 153 162 163 174 198 200 202 210 221 238 242 245 256 261 288 299 309 312 325 327 351 366 380 383 438 443 454 456 462 470 481 483 485 511 515 518 524 555 557 565 572 581 590 601 607 618 619 620 625 626 640 647 678 683 696 698 699 718 724 735 737 747 748 783 797 808 816 821 840 846 859 863 886 894 895 896 902 908 924
25 0 18 21 62 76 88 90 107 110 131 136 164 171 173 177 182 195 239 244 263 272 279 291 301 304 321 327 331 339 347 353 376 380 390 399 425 429 431 447 467 470 486 492 497 514 519 525 546 554 595 605 606 614 633 637 638 673 711 721 729 731 738 755 769 775 784 816 825 847 859 885 892 902 918 930 933 934 938 939 940 946 949 955 967 980 986 995 998 1026 1028 1035 1036 1050 1057 1065 1080 1088 1101 1108 1115
26 3 8 43 45 51 58 67 85 90 91 92 128 144 147 157 161 163 178 187 188 191 230 251 257 271 272 275 289 290 303 304 312 322 323 333 345 360 365 366 367 375 383 389 401 413 422 434 436 441 450 465 468 471 478 508 527 540 565 566 571 573 577 605 614 620 625 635 638 658 663 665 670 671 683 688 709 725 735 740 745 746 766 772 782 802 840 863 884 896 955 976 981 989 990 992 994 1000 1002 1014 1022 1025 1029 1035 1039 1040 1054 1056 1064 1090
27 5 17 19 25 32 34 37 53 55 60 77 79 84 99 115 121 125 137 139 146 151 156 190 196 198 201 210 233 243 249 257 288 293 296 311 330 338 376 379 382 412 463 466 469 474 482 484 519 525 533 535 561 578 587 594 603 608 614 620 653 662 664 671 674 696 697 708 716 725 731 738 751 753 767 771 782 784 803 815 840 868 872 877 879 882 901 902 909 911 912 917 932 933 945 973 975
28 12 23 28 32 35 36 39 50 53 58 70 71 94 96 125 147 152 154 160 162 172 176 182 185 200 244 259 262 267 268 272 283 284 306 307 318 328 340 341 374 378 391 415 421 426 429 430 444 446 451 457 460 478 488 501 509 519 530 531 540 542 546 563 609 627 630 632 635 643 649 650 652 653 661 678 690 693 702 718 732 739 758 769 773 780 792 796 801 819 825 832 843 862 864 870 881 883 893 905
29 12 44 58 62 77 95 96 129 144 145 149 154 160 161 164 171 174 180 192 208 217 222 224 225 226 251 252 271 275 297 298 322 332 341 358 403 406 417 426 461 465 479 481 482 485 495 496 500 513 520 536 545 574 578 581 582 585 587 652 683 684 703 707 708 709 717 733 734 735 740 749 752 781 793 802 830 837 856 867 868 874 885 888 895 898 902 905 930 931 936 954 957
30 1 3 12 14 15 44 63 84 101 102 105 114 133 143 152 159 165 171 183 190 205 227 231 248 253 256 260 284 306 311 330 355 356 366 368 369 372 389 391 398 402 412 419 435 443 456 462 464 468 515 519 550 586 621 625 639 659 665 699 714 716 736 749 770 785 792 816 820 827 841 843 846 860 873 898 912 922 947 951 952 972 988 1011 1021 1022 1028 1044 1049 1055 1065 1066 1073 1074 1093 1096 1097 1110 1117 1124 1134
31 6 21 23 38 46 52 59 60 94 103 109 115 118 126 132 136 137 168 172 176 184 204 236 240 256 264 267 273 279 280 281 309 318 321 343 348 355 364 383 389 415 421 428 429 434 440 452 464 486 495 511 512 513 517 518 534 552 556 569 570 571 574 577 586 605 607 642 666 675 714 721 733 743 768 785 811 814 825 859 862 866 870 885 891 892 914 926 931 941 952 954 956 960 973 980 983 986 1004 1011 1016 1028 1041 1062 1066
32 10 29 38 42 44 48 82 93 96 109 118 129 137 153 156 157 167 171 173 175 180 183 199 213 217 218 234 255 262 271 321 327 332 346 370 374 390 407 408 409 414 420 454 469 483 490 491 492 521 525 548 552 573 582 583 588 590 591 614 628 648 651 667 676 680 681 683 689 690 701 704 723 745 761 769 773 779 780 791 792 841 842 850 854 862 863 867 874 887 891 892 909 910 926 938 941 942 964 967 972 978 994 1000
33 0 5 10 14 20 27 32 41 52 62 70 80 107 110 113 122 132 133 146 165 175 181 188 198 213 219 220 236 238 249 263 265 276 289 295 299 306 312 317 326 328 334 340 372 414 421 425 478 483 487 500 502 506 515 522 525 537 542 557 582 588 599 601 635 638 676 684 703 705 736 750 755 758 763 764 765 774 790 803 814 822 846 865 866 869 874 876 877 883 888 911 915 921 922 928 942 958 960 972
34 11 15 46 48 52 55 63 98 99 125 131 132 141 145 190 203 206 215 239 282 289 290 291 299 321 323 333 347 349 351 354 355 356 368 375 378 421 423 428 429 432 435 488 521 523 525 564 572 575 586 589 590 598 609 621 629 649 653 659 679 683 696 705 716 725 746 753 771 772 779 780 792 802 837 841 844 877 884 895 913 914 920 947 950 958 964 970 972 979 1006 1013 1024 1033 1044 1064
35 3 9 11 17 37 38 50 55 59 80 91 92 101 124 132 156 162 173 174 177 190 200 210 221 234 238 240 243 257 261 262 270 279 304 324 326 340 341 354 370 423 430 434 436 442 451 457 461 474 475 483 485 486 499 501 538 548 554 559 570 573 574 593 626 631 639 656 659 672 694 730 737 741 747 750 756 757 761 782 784 785 828 845 849 856 864 865 872 874 880 886 890 901 907 920
36 7 8 17 22 29 35 42 47 71 85 89 117 173 179 180 183 186 191 226 243 244 258 261 271 283 289 293 294 315 340 342 350 352 360 362 363 364 376 378 390 392 399 404 406 416 434 437 440 446 451 454 456 471 498 500 501 506 515 521 522 528 536 548 552 554 566 582 608 610 617 629 630 633 684 688 692 702 721 732 763 783 800 813 816 835 858 859 865 872 878 886 895 902 903 904 909 910 914 915 924 926
37 2 9 18 28 52 57 64 68 85 101 116 118 120 129 148 152 155 172 173 204 205 206 208 210 223 236 249 250 257 258 273 292 293 298 307 309 314 324 326 342 367 386 388 390 391 396 410 417 448 450 454 459 466 467 477 479 507 508 520 522 535 549 555 597 611 615 623 628 630 649 650 659 674 678 685 693 701 733 735 738 750 751 775 787 790 807 812 825 839 843 844 846 853 861 864 876 885 891 910 913 918 924 927 931 956 960
38 17 25 27 28 33 54 61 96 104 115 122 123 148 156 165 169 192 195 213 230 231 251 255 260 262 269 270 278 307 337 354 359 362 417 425 437 455 464 485 505 512 513 540 541 552 556 591 601 607 615 618 623 636 672 684 719 738 740 746 753 759 761 763 774 785 799 804 808 817 852 855 869 882 900 908 915 942 959 963 972 975 993 994 1004 1006 1010 1020 1024 1052 1072 1089 1113 1116 1117 1120
39 9 14 28 40 42 54 72 105 120 125 128 132 133 153 154 158 172 201 206 232 233 248 270 276 290 291 295 304 313 331 346 355 356 374 389 401 427 432 468 477 478 486 497 508 509 513 519 521 529 547 559 575 578 579 580 599 606 615 650 657 668 676 680 684 698 706 722 736 738 752 756 763 768 769 776 777 782 786 822 823 829 837 842 844 852 863 869 872 884 886 895 896 897 924 927 937 939 941 953 975 979 981 995 996 1003 1042 1048
40 11 43 61 65 82 83 92 110 118 122 133 159 165 168 175 182 199 203 217 218 220 226 227 229 235 244 295 299 301 307 318 337 356 362 374 381 386 389 406 407 413 417 424 425 439 444 468 472 479 486 493 498 501 513 515 518 522 530 543 568 577 581 584 587 590 591 593 602 611 612 618 624 625 626 633 639 649 650 663 667 678 679 693 695 699 700 712 725 727 728 744 748 761 769 777 778 784 794
41 1 6 9 10 13 15 23 31 42 48 53 68 74 81 127 138 149 160 173 188 189 228 232 235 270 281 282 304 311 316 317 340 350 407 428 436 439 441 448 451 459 462 472 476 477 482 493 498 500 517 519 544 547 557 565 580 591 595 623 636 641 645 650 663 694 716 744 751 752 757 778 781 785 790 802 810 814 815 821 831 832 834 852 856 863 868 871 880 884 886 901 915 928
42 4 14 16 23 25 41 45 56 60 65 66 99 122 149 152 170 171 174 176 180 185 189 200 201 228 229 250 285 311 331 338 350 375 383 396 402 405 411 418 430 433 442 446 450 453 455 462 463 466 472 473 474 484 485 498 506 508 509 515 519 557 560 591 640 642 649 650 651 652 660 683 690 712 715 719 727 729 730 732 734 745 761 764 801 802 818 822 828 835 842 858 861 893 904 937 954 962
43 3 4 6 9 20 28 35 42 52 78 80 88 97 103 116 125 126 138 161 162 165 169 173 179 182 197 210 227 239 242 245 265 278 283 284 294 300 301 307 334 365 366 367 378 379 393 398 402 408 432 435 436 442 447 483 488 489 494 511 524 529 550 563 568 572 584 606 607 622 653 656 657 666 672 681 682 699 706 709 712 730 734 739 774 776 777 778 793 795 797 821 825 828 843 844 857 864
44 3 17 20 25 47 62 74 80 96 122 128 146 150 157 170 178 190 199 216 238 239 253 255 260 268 273 274 341 342 354 364 376 386 415 423 424 425 452 457 470 476 481 498 506 513 515 526 530 536 556 557 558 581 582 584 592 603 611 620 630 641 643 649 655 657 661 663 668 683 695 704 708 714 723 730 733 750 758 759 768 786 796 799 810 814 832 843 849 859 878 888 891 893 907 908 917 924 926 931 933
45 0 20 28 36 45 46 51 55 58 59 66 67 70 71 79 86 99 110 112 118 126 149 154 172 174 219 248 253 264 312 321 324 332 336 337 343 349 359 367 372 373 380 381 408 428 437 440 441 449 465 466 470 477 484 486 519 520 537 550 553 558 607 609 616 668 676 697 701 709 721 724 727 742 748 754 769 772 790 796 800 814 823 825 836 840 843 844 853 854 871 872 892 904 915 930 936 943 944 945 982 1009 1013 1017 1052 1054 1084 1114 1139
46 1 16 18 35 39 60 65 67 82 83 87 88 93 94 101 115 131 152 155 201 202 218 223 236 241 265 284 285 298 323 326 330 332 345 349 355 379 389 391 396 422 431 441 453 459 467 468 476 477 482 497 499 506 521 525 526 549 557 563 569 571 591 598 611 622 623 625 632 633 636 637 666 711 716 727 744 747 749 767 775 787 795 802 804 827 833 847 849 859 875 876 886 895 897
47 0 5 6 18 25 26 34 39 47 51 78 86 90 109 116 134 151 174 180 187 210 227 258 259 304 346 363 364 372 374 375 377 387 395 409 411 412 413 432 446 463 478 482 488 489 490 500 504 512 521 530 531 562 568 575 577 588 602 606 608 623 629 630 660 668 669 675 679 758 760 776 787 794 803 807 808 811 823 832 837 856 862 863 867 870 890 893 900 912 918 919 920 928 931 933
48 10 31 35 49 54 90 104 110 111 122 135 140 143 147 153 182 190 192 204 213 217 218 219 221 224 231 234 240 259 291 300 308 321 326 336 344 356 357 365 367 388 396 402 432 458 465 469 473 474 507 515 534 543 557 572 574 578 586 592 600 602 624 638 648 657 662 709 712 719 759 768 790 792 798 805 812 816 833 852 861 867 868 907 909 911 920 955 957 960 961 966 987 997 998 1002 1013 1017 1026 1036 1045 1047 1066
49 1 6 20 27 28 34 59 69 80 84 116 120 121 148 177 184 192 208 227 233 236 252 282 290 299 323 324 325 328 344 358 369 370 373 374 375 377 391 412 419 429 437 464 465 483 495 504 529 532 569 573 586 591 599 603 637 689 699 705 709 712 718 735 748 761 772 778 793 807 810 813 819 826 845 852 855 858 865 868 878 900 907 918 920 929 931
50 3 4 9 13 25 35 40 42 43 48 79 85 87 102 104 108 124 137 156 162 165 167 178 214 223 246 252 281 289 300 317 321 330 335 338 340 343 349 375 377 387 390 414 415 420 422 424 425 433 444 449 477 498 503 504 517 519 523 527 539 546 547 548 561 576 587 589 603 612 618 630 643 644 648 655 656 665 675 700 710 714 716 728 729 736 755 769 770 785 801 803 807 814 820 821 853 863 893 902 904
51 8 15 25 28 41 57 58 64 72 90 96 128 138 183 188 192 209 216 258 268 274 275 298 303 304 305 314 326 338 354 368 369 372 417 430 435 465 468 471 486 487 490 499 520 528 539 553 554 558 561 569 570 576 580 582 590 600 603 611 613 617 619 633 645 659 661 665 675 696 720 727 731 735 742 745 752 776 791 797 827 839 844 859 864 867 872 878 883 895 902 925
52 20 21 39 46 61 62 67 77 101 103 144 154 160 183 187 192 195 209 210 224 240 260 273 279 288 290 317 328 334 360 361 363 367 392 396 408 448 455 459 463 466 476 481 482 499 532 540 555 558 561 571 572 586 587 597 608 610 642 646 649 657 671 692 713 714 719 727 732 738 753 754 757 780 784 787 789 794 813 826 831 836 837 839 855 858 866 868 870 875 883 895 902 914
53 30 35 43 46 52 59 81 87 92 94 97 98 114 124 133 136 145 160 178 181 207 216 225 230 234 245 250 262 274 281 283 284 302 314 322 365 372 379 388 396 404 405 424 426 430 441 484 488 500 551 566 570 573 580 586 587 588 596 604 622 652 653 657 660 665 666 679 681 682 697 701 705 715 720 727 738 739 746 748 751 783 786 792 797 804 805 806 831 845 853 862 874 883 885 893 910 914 915 926 937 969 991
54 5 14 24 27 38 39 41 45 50 61 77 98 104 105 121 126 133 139 141 142 143 149 152 170 173 182 193 210 239 241 242 243 284 287 292 297 324 331 340 348 349 359 363 371 388 419 430 439 443 467 472 480 488 494 504 521 553 557 558 569 596 601 608 612 629 635 639 656 658 680 682 683 685 690 697 712 732 759 767 768 774 775 791 793 798 813 822 841 855 864 867 888 891 904 920 938
55 4 7 10 25 35 39 48 56 61 70 71 95 96 101 105 131 132 135 158 160 179 193 194 220 221 224 246 253 282 283 284 288 310 334 336 341 342 350 372 407 417 425 433 438 453 455 456 458 477 483 490 505 509 519 526 533 552 556 576 580 583 591 594 601 603 606 609 610 619 622 623 626 631 636 637 646 675 676 690 714 716 749 753 767 781 784 798 802 820 826 827 828 848 854 877
56 1 3 18 20 39 70 94 96 97 98 105 156 174 180 181 188 192 196 199 204 230 231 233 254 266 294 303 322 326 328 338 340 353 364 381 383 398 403 412 448 456 458 466 473 486 489 494 521 543 544 551 571 588 604 610 627 644 647 660 673 683 696 719 729 752 760 763 774 794 803 812 820 843 845 851 856 864 869 874 884 902 906 932 942 947 951
57 4 13 16 21 31 35 42 47 68 76 108 112 158 195 198 208 211 218 225 231 236 238 243 259 260 274 301 303 304 318 324 344 363 370 373 377 379 391 410 420 433 439 448 451 456 472 478 491 497 517 522 530 534 554 557 562 564 566 572 582 590 592 593 598 605 609 622 626 653 655 660 661 664 667 678 692 716 737 758 762 773 779 783 810 818 824 827 829 840 847 859 864 870 886 896 921 937 942 964 983 984 997
58 70 74 76 93 103 108 116 121 123 149 168 243 247 256 263 274 282 289 302 325 357 361 364 387 404 410 411 413 415 430 440 445 448 453 459 461 463 468 499 510 517 519 528 530 544 547 553 559 585 595 600 601 609 612 620 630 631 654 656 676 677 679 693 704 714 715 717 752 757 758 759 778 783 787 810 813 836 843 844 852 858 860 862 866 869 878 882 896 902 904 905 914 942 968
59 36 58 66 117 132 140 144 161 179 192 222 251 254 285 327 329 331 332 338 354 367 374 384 405 406 415 417 423 428 429 457 461 472 476 495 496 507 511 525 533 560 565 568 581 584 588 591 598 599 603 608 619 626 643 654 666 670 715 717 729 754 757 787 798 820 824 835 840 848 854 862 865 877 907 927 935 944 961 962 964 979 991 999 1007 1023 1063 1068 1076 1079 1090 1093 1096 1103 1105
60 6 8 18 25 30 37 50 81 88 96 99 135 142 183 185 186 195 197 206 214 232 236 273 278 280 288 289 305 311 313 318 326 337 360 368 374 401 402 419 424 448 451 458 466 472 481 482 490 495 499 500 507 513 528 547 549 568 571 588 589 590 593 595 597 598 607 613 621 636 643 646 652 656 676 683 693 719 730 738 752 768 803 804 806 808 819 829 831 834 837 864 869 870 873 878
61 26 47 62 68 87 92 97 105 111 119 134 140 151 155 160 172 174 180 185 192 203 205 216 219 220 232 238 275 290 295 314 319 324 337 338 344 350 357 364 367 380 399 403 407 424 428 441 443 444 461 471 479 484 492 497 498 506 508 514 515 584 586 595 605 614 630 640 656 664 668 670 681 692 699 718 721 722 728 731 733 741 746 748 795 798 828 835 837
62 10 34 36 49 53 56 66 74 94 95 127 131 148 159 166 172 180 185 186 188 196 232 234 241 245 249 265 277 280 295 302 306 319 329 333 350 361 374 382 413 424 439 466 482 486 513 519 537 553 556 574 591 602 625 633 634 645 653 677 701 712 714 759 760 767 773 797 816 835 849 854 855 857 871 885 886 890 908 957 958 971 987 991 1001 1004 1039 1048 1059 1062 1063 1096 1106 1109 1113 1133 1150 1162 1173 1189 1191 1194 1196 1200 1224 1226
63 12 28 30 40 55 57 65 66 88 89 93 103 104 113 130 147 149 151 161 177 179 188 205 211 222 241 253 279 289 294 321 337 339 344 345 392 395 414 417 420 428 433 445 464 469 494 506 543 566 567 574 581 586 593 595 599 600 604 631 633 645 652 664 671 688 697 715 723 741 764 775 819 834 835 840 852 853 856 862 888 899 911 915 926 927 931 964 972 979 989 1005
64 24 31 34 35 44 47 67 73 79 83 88 98 118 121 124 126 131 134 160 198 199 203 221 223 225 240 241 244 263 273 275 287 299 301 304 306 309 313 330 340 350 359 369 383 404 405 409 430 432 445 454 455 456 464 478 489 497 500 504 517 545 547 548 559 571 574 576 583 584 586 594 596 607 609 614 616 626 647 682 698 701 702 704 722 726 744 754 759 773 787 788 794 812 816 824 825 850 852 861 867 868 873 875
65 2 6 9 13 37 58 63 64 92 97 100 118 134 135 148 201 203 211 212 216 219 227 233 250 264 271 275 276 281 299 310 311 321 333 352 357 360 362 368 379 398 399 408 413 417 419 427 436 446 450 466 470 475 491 509 516 533 539 548 550 563 574 592 597 603 617 619 628 652 658 662 669 670 675 678 689 693 721 727 746 752 754 783 797 807 808 817 819 837 838 839 850 864 901 908 914 916 918
66 9 31 32 42 61 76 78 100 104 111 117 127 131 134 136 138 142 151 166 167 169 171 175 176 191 269 273 283 289 292 299 308 358 359 364 379 386 391 394 397 398 403 412 414 428 440 457 478 483 497 503 504 517 520 527 531 532 542 564 565 575 583 600 609 616 623 625 640 649 679 687 717 718 725 729 738 741 765 769 773 778 783 803 819 849 858 880 894 896 898 920 923 924 928 930 934 940 943 967
67 26 56 73 82 95 106 107 112 114 122 124 127 142 160 166 168 184 198 202 207 209 218 222 226 231 232 238 240 249 263 267 272 274 289 300 311 344 348 363 377 385 409 427 429 437 446 450 454 473 479 489 493 510 513 526 546 562 570 577 584 586 607 610 619 623 636 664 685 701 712 716 727 755 764 790 796 815 834 845 858 911 929 930 938 968 982 994 997 1000 1003 1030 1041 1043 1066 1067
68 1 46 51 53 94 103 105 110 120 136 142 154 157 158 163 171 177 183 184 195 219 233 234 241 262 286 292 300 329 337 342 343 396 407 415 417 425 432 453 460 467 486 499 506 509 513 519 523 530 540 543 553 554 572 605 610 612 638 658 660 666 673 696 699 711 718 721 725 736 751 766 782 788 789 791 812 817 819 823 839 840 844 856 866 876 886 893 901 903 921 924 930 948 952 956 960 963 973 981 1009 1016
69 7 11 52 65 70 90 104 113 119 122 124 150 158 166 188 189 199 239 256 297 314 326 327 342 352 364 372 377 382 391 407 408 417 423 430 438 449 452 455 468 471 478 489 517 526 529 541 542 549 561 565 582 595 596 598 613 622 623 633 653 654 655 658 696 699 701 714 717 729 733 747 748 765 779 785 793 803 811 824 830 835 838 849 850 851 868 889 891 902 919 920 924 931 935 939 966 976 980 998 1009 1010 1019
70 6 13 38 53 82 85 101 113 139 148 160 176 192 204 206 210 216 218 219 231 233 242 254 257 259 271 275 292 317 318 325 326 327 355 360 376 381 388 396 403 413 423 425 437 472 483 490 494 500 504 542 543 548 558 561 562 583 584 585 598 603 609 612 619 623 633 652 658 661 667 674 675 679 684 694 698 699 706 719 720 724 726 735 743 765 802 807 811 815 817 832 850 862 871 886 900
71 16 19 49 54 63 84 97 105 126 128 132 134 142 143 153 167 181 182 188 211 222 230 257 271 300 308 309 323 329 336 339 340 348 363 381 408 411 422 427 432 435 447 461 468 477 496 498 499 506 510 517 518 521 535 547 558 561 563 566 589 590 602 632 654 670 674 690 712 723 724 731 734 752 757 768 777 781 807 824 825 826 833 836 837 865 875 878 880 881 891 895 930 941 965 977 988 1011 1015 1022 1062 1064 1075
72 19 26 32 35 46 57 67 70 74 82 83 98 99 164 174 175 177 200 207 211 221 232 273 281 299 308 313 319 323 324 336 338 343 347 349 373 383 392 410 416 447 455 465 470 471 474 500 507 508 541 543 547 575 577 584 604 606 614 623 639 651 658 694 705 726 761 762 767 773 781 802 825 827 836 841 845 847 852 854 855 879 905 911 917 948 958 967 977 982 995 1001 1034 1036
73 0 22 41 44 56 74 76 89 96 120 135 137 146 152 154 164 170 215 275 295 306 311 323 327 333 340 345 359 360 362 363 391 393 394 416 421 424 445 447 450 463 476 484 503 512 515 520 534 552 554 555 591 602 603 611 616 622 630 636 642 654 655 656 683 702 707 712 719 725 728 774 775 777 778 788 805 813 827 860 883 896 902 903 923 982 983 997 1005 1008 1010 1018 1023 1034 1039
74 2 36 37 52 58 80 92 108 111 117 132 140 148 150 155 163 190 199 204 236 238 240 245 246 268 272 284 290 292 294 303 304 312 327 341 346 381 384 394 397 400 405 426 430 432 437 440 447 452 459 478 479 490 503 515 517 529 536 546 553 568 571 573 579 592 601 603 615 622 623 637 657 660 666 687 703 722 746 762 764 776 794 815 824 837 853 854 858 872 901 909 916 924 936 938 969 979 982 998 1003 1014 1029 1033
75 22 51 54 63 69 85 103 145 152 155 177 196 208 227 228 232 238 244 250 256 258 279 290 314 322 337 338 359 368 373 378 388 410 414 426 429 430 431 443 446 447 448 452 465 466 467 470 475 498 511 512 514 516 520 522 531 534 535 549 559 563 566 567 568 574 613 614 615 618 619 629 638 644 648 677 703 712 733 745 746 753 754 762 775 776 792 796 807 817 848 855 864 877 879 883 890 891
76 1 10 32 39 47 77 79 104 110 111 115 122 123 136 174 175 179 251 266 281 301 333 341 344 345 350 351 358 365 371 380 412 415 443 454 457 477 501 504 510 536 543 553 557 558 562 570 591 593 594 628 630 650 659 670 674 677 704 722 723 746 758 786 787 798 803 816 821 830 841 860 874 878 886 900 901 908 927 938 970 990 994 1018 1039 1040 1041 1045 1050 1057 1069 1082 1106 1118 1120
77 4 7 9 10 13 21 29 38 42 45 51 58 78 79 81 84 93 105 110 113 116 122 145 174 178 191 209 217 223 234 239 249 255 259 266 267 289 297 307 311 329 337 339 348 362 369 376 379 406 436 463 466 475 476 488 491 504 523 530 544 560 562 572 576 582 584 588 593 595 600 612 614 615 644 653 656 673 681 682 689 692 704 707 720 733 743 761 766 773 784 786 792 802 804 810 870 872 882 883 896 900 908 923
78 8 11 16 39 49 57 62 64 67 81 83 90 99 100 116 117 126 134 142 146 150 152 154 163 175 179 183 184 202 215 221 228 231 233 251 265 266 271 272 274 281 304 326 328 329 332 340 352 356 361 371 374 376 400 405 411 431 453 465 466 473 488 497 508 518 545 550 551 562 584 590 595 606 608 610 621 631 634 637 643 650 663 672 709 710 716 723 725 733 743 744 745 757 765 782 783 801 810
79 6 17 21 27 34 37 39 45 52 79 83 87 91 96 99 134 137 149 154 187 191 192 200 211 212 215 219 249 260 280 298 301 314 317 352 354 364 368 372 411 414 426 433 442 444 451 461 465 489 490 493 502 508 511 512 540 543 580 583 595 602 640 648 657 679 695 699 709 723 727 730 737 750 775 779 780 787 802 826 832 833 845 852 854 864 875 884 885 901 935
80 6 14 22 23 30 33 53 59 72 129 134 138 142 182 193 209 213 245 247 256 263 265 269 282 298 319 325 341 342 349 362 370 371 373 374 383 387 393 395 405 408 418 420 435 441 445 446 455 456 465 475 497 504 525 531 543 631 633 635 638 663 679 710 718 722 729 733 743 755 762 801 806 815 824 831 840 848 869 884 935 938 953 966 974 975 977 985 995 1006
81 3 22 26 30 44 53 58 63 68 92 101 105 119 122 131 132 140 144 166 171 186 189 193 196 200 211 212 217 240 241 243 244 246 252 287 314 326 329 330 339 347 350 352 361 365 375 390 393 399 409 424 451 475 478 480 506 513 515 535 538 550 570 580 583 586 592 593 600 625 637 638 640 652 655 664 668 681 699 711 722 723 750 755 757 762 781 803 818 822 841 846 853 857
82 3 6 7 18 24 37 50 67 68 70 75 84 92 122 129 159 164 172 179 198 214 216 237 238 256 270 286 301 305 330 331 339 350 368 375 382 389 396 431 438 440 449 452 465 470 485 488 529 561 579 583 584 591 602 607 628 633 640 648 655 664 680 682 694 728 734 735 736 742 764 765 778 779 790 817 836 841 851 853 855 862 865 868 875 881 896 909 927 941 951 952 972 976 980 982 985 988
83 0 10 12 28 33 48 52 84 102 123 130 135 137 150 151 159 177 178 183 188 193 201 206 209 218 223 225 230 234 292 297 305 318 322 323 363 368 382 388 393 411 418 424 430 442 463 470 477 495 499 504 507 512 532 542 545 550 565 577 583 587 603 609 618 621 624 627 636 642 689 693 697 699 701 705 707 725 731 735 736 738 739 745 753 762 765 769 779 781 789 795 799 809 820
84 13 15 18 23 43 60 85 90 101 110 118 121 150 169 173 180 219 222 237 241 247 253 268 276 284 285 290 291 299 303 304 305 324 328 341 357 366 367 375 394 418 441 444 445 462 463 465 470 483 486 494 497 533 538 546 548 552 554 583 584 599 608 625 630 631 634 636 646 654 663 666 667 668 679 682 701 704 725 735 746 748 761 765 769 775 795 798 803 807 826 828 830 831 834 841 843 844 855 861 865 893
85 15 18 21 28 57 71 74 76 77 79 81 104 117 129 145 149 152 172 178 180 187 189 209 228 238 245 260 277 315 317 337 365 373 377 379 382 395 406 419 420 426 427 446 458 464 465 466 473 476 496 498 529 530 544 562 580 587 589 609 618 621 665 667 669 696 699 701 703 706 714 743 745 759 760 767 773 776 783 786 792 798 815 839 844 866 872 889 892 906 926 930 939 956 978
86 0 1 6 11 47 50 55 85 94 100 101 119 121 141 157 163 172 173 211 229 233 236 243 250 253 291 320 323 329 332 351 364 366 370 374 378 388 400 421 454 466 482 509 511 518 527 535 547 549 550 556 566 577 578 579 581 585 651 653 661 669 675 684 702 713 717 732 733 735 741 747 751 757 764 777 784 789 791 796 798 807 822 834 839 849 861 863 883 884 889 895 897 898 899 915 923 936 955 958 959
87 0 15 28 30 35 60 63 67 70 77 100 110 115 117 131 155 156 170 180 189 191 193 234 238 240 257 262 278 279 287 302 303 322 324 325 328 338 343 344 377 380 395 397 401 404 412 413 417 422 427 439 442 444 470 472 517 535 576 581 591 602 603 607 626 639 642 676 682 683 684 689 698 709 723 726 733 739 740 742 746 749 757 758 761 762 772 773 789
88 6 8 27 28 70 71 87 94 95 96 97 99 104 119 135 160 164 166 171 176 182 184 186 187 191 195 196 200 205 207 216 217 235 237 252 254 256 275 293 297 304 311 315 317 322 328 348 353 359 362 369 370 380 382 400 404 415 421 429 440 447 448 462 472 499 508 516 519 532 549 566 569 580 582 584 585 591 597 606 620 623 633 639 671 674 686 710 720
89 3 22 26 41 53 54 71 86 87 89 98 99 105 129 136 139 142 149 171 179 180 195 207 226 238 240 260 272 280 299 333 345 363 372 394 427 431 446 451 455 472 473 478 490 503 524 531 536 539 542 563 572 574 585 588 604 614 632 649 652 670 675 693 704 721 728 729 732 739 747 769 780 790 796 803 811 814 816 821 836 846 847 851 857 883 887 905 910 911 912 915 917 919 925 953 975 984 997 998 1003 1021 1036
90 5 19 26 31 39 40 46 52 54 64 92 95 106 111 114 116 118 121 122 132 134 151 173 176 180 200 205 210 214 225 239 241 248 266 271 279 285 291 312 331 358 393 406 411 423 438 462 475 476 487 511 521 531 582 596 611 625 638 644 645 652 665 668 670 733 745 765 770 785 786 790 801 812 816 834 846 870 894 901 902 907 910 920 934 936 938 950 958 970 973 977 984 994 1002 1008 1023 1064
91 26 27 36 77 100 103 111 121 123 127 176 183 190 208 211 228 232 242 271 289 293 303 305 317 327 337 345 350 379 388 407 419 421 423 437 439 451 452 454 476 479 497 504 520 522 543 546 549 555 557 571 574 577 580 602 609 610 634 656 663 664 677 679 695 703 708 716 718 726 740 752 768 792 794 796 810 812 838 860 862 870 877 878 909 914 956 969 975 978 991 1005
92 13 22 26 44 50 60 66 83 92 113 119 124 126 138 143 171 178 185 196 207 224 230 250 253 266 304 328 331 345 358 376 381 385 400 407 408 415 431 432 448 479 486 488 493 505 535 543 561 570 578 583 584 592 593 601 604 614 619 623 642 647 650 680 687 696 699 700 703 709 720 732 738 747 753 754 763 768 776 795 799 800 828 848 861 871 880 919 926 937 955 982 984 991 1013 1014 1020 1047 1048 1059 1061 1067 1070 1094 1101
93 57 74 75 90 104 122 128 147 159 180 188 198 199 208 217 221 236 238 241 244 247 268 272 287 296 308 321 325 329 373 377 384 393 400 405 413 418 427 428 437 439 462 463 509 511 516 533 545 551 578 588 594 596 624 632 633 655 681 686 690 692 704 707 724 727 742 753 754 759 767 772 790 799 806 808 827 830 834 846 853 874 878 879 893 900 919 923 927 934 958 965 966
94 17 18 23 24 27 41 44 68 76 94 101 142 152 209 227 230 232 233 245 258 270 279 291 294 300 308 327 334 344 353 369 375 385 423 425 426 428 432 442 469 473 495 499 515 530 533 552 555 571 573 576 583 584 611 612 614 627 631 639 644 666 683 685 697 704 705 718 725 735 760 792 817 818 833 852 856 879 880 881 895 899 916 927 942 945 947 949 951 959 984 1002 1011 1029 1044 1047 1057 1065 1069
95 9 15 26 33 35 42 57 64 74 75 78 81 94 102 103 109 111 126 149 167 191 193 194 212 219 222 254 300 303 312 320 335 337 346 357 359 366 369 381 391 413 420 425 433 450 451 452 453 455 501 513 514 517 518 521 532 549 571 575 582 598 599 600 606 613 614 615 622 640 649 655 664 694 699 714 717 723 725 727 745 755 782 808 809 822 865 883 897 918 942 963 965 995 1008 1009 1011 1012 1021 1023
96 11 40 99 105 107 121 132 144 153 157 175 206 224 228 229 270 282 287 300 306 307 326 360 361 376 391 392 408 415 418 419 430 432 436 442 448 465 471 497 506 516 524 530 542 548 553 574 575 593 605 606 619 622 655 672 680 681 691 706 719 720 728 729 730 769 780 781 791 793 814 833 841 860 861 912 913 916 922 947 952 961 967 981 986 996 1016 1017 1033 1036 1048 1057 1075
97 23 33 34 51 84 86 102 111 123 150 157 166 171 175 185 186 187 189 210 214 222 232 239 250 261 286 287 296 325 339 342 344 347 365 374 391 402 404 411 418 433 434 450 452 477 484 496 502 519 530 536 546 559 563 590 603 608 611 617 623 628 630 633 636 638 639 660 687 718 749 765 768 770 774 784 788 791 792 796 799 805 819 827 843 847 867 868 871 889 893 901 907 915 917 929 935 944
98 5 9 10 14 33 37 40 46 50 53 67 79 85 109 110 113 123 130 131 135 136 142 154 159 162 168 171 185 187 188 196 198 199 200 209 217 223 241 258 262 276 280 298 307 321 340 346 355 358 364 366 372 377 382 396 422 425 433 464 473 474 484 497 514 534 536 542 562 566 590 594 603 617 618 634 638 642 647 658 661 679 689 691 696 700 715 741 745 753 782 797 806 813 820 824 828 838
99 16 22 26 35 40 50 55 57 91 94 118 148 153 167 169 173 176 187 188 198 203 221 256 272 282 285 301 311 320 352 354 356 363 370 373 377 399 403 411 422 428 432 436 446 450 461 464 497 498 502 506 507 509 514 521 530 532 542 551 556 560 562 585 596 599 609 621 643 658 673 688 689 696 698 714 719 727 735 774 796 797 798 799 802 811 814 817 831 859 886 894 896 897 915 921 931 947
