100
0 38 9 3 43 32 30 1 97 26 24 104 11 19 288 180 51 756 1137 42 425 93 422 22 17 91 13 35 92 66 331 15 293
1 159 13 9 51 8 15 1 24 23 3 11 93 42 74 62 19 4 180 29 36 38 32 61 34 30 41 91 2 22 66 110 237
2 9 12 24 23 83 16 62 5 20 28 21 3 38 15 54 94 65 179 44 27 4 69 104 59 214 1 40 102 13 32 55 264 30 22 35 58 132
3 40 68 37 13 20 121 147 161 170 141 73 125 447 179 28 19 715 66 8 257 54 25 112 31 105 42 3 29 75 142 99 97
4 229 18 45 91 1 514 308 60 79 173 131 19 54 0 47 13 29 30 43 2132 27 119 120 46 375 1843 1863 1623 779 170 1956 57 519 511
5 10 25 37 12 32 35 20 40 94 15 97 65 68 31 21 7 44 42 18 22 13 95 11 29 41 19 2 0 66 96 93 119
6 20 34 25 40 29 41 23 83 10 3 13 44 17 108 2 8 28 42 16 27 30 121 21 18 9 54 19 137 75 86 68 145 170 43 96 37
7 25 6 11 54 47 35 107 3 66 36 55 49 39 56 13 2 10 19 21 102 15 60 46 90 59 0 250 1 7 92
8 53 51 50 240 1 105 54 16 35 32 126 12 4 7 83 13 63 40 546 60 45 72 286 2 30 37 65 43 151 18 84 97 178 41
9 31 16 9 3 56 48 38 67 59 44 19 83 91 47 10 65 7 8 26 99 58 34 2 121 0 105 53 163 11 69 39
10 19 38 0 22 72 15 8 86 138 12 7 23 59 2 71 26 68 160 5 41 3 9 94 6 131 18 81 50 17 47 43 93
11 24 60 4 11 48 23 136 51 75 41 91 55 12 20 6 28 38 70 81 5 65 248 2 22 84 40 9 27 19 54 30 46 79 15 21 104
12 2 9 23 40 10 34 213 22 94 105 24 99 3 21 20 58 46 18 66 12 56 62 5 0 83 7 29 25
13 50 45 35 13 70 6 25 1271 21 17 11 15 101 27 107 567 109 124 131 46 1 1156 1959 1042 1152 233 1967 1948 39 32 152 1438 885
14 73 185 35 49 51 36 118 807 3 0 13 121 143 25 224 1866 349 89 303 20 154 290 1 128 30 153 270 7 71
15 92 25 11 19 8 7 35 21 36 13 67 31 72 2 27 42 47 63 4 16 3 20 68 34 51 95 18 54 6 17 147 182 69 1 38
16 170 36 63 167 659 73 3 51 20 76 288 256 66 848 28 25 6 24 0 154 223 1754 54 948 184 131 10 19 56 102 40 9 107 47 2 60
17 5893 19 23 28 66 178 42 318 44 665 247 55 86 94 418 85 510 93 12 36 5 34 65 76 210 83 15 21 257 159 9 96 454 150 199
18 56 879 94 22 213 189 18 60 169 245 2 267 202 192 632 701 322 2128 979 2688 750 7593 99 3813 796 421 393 5 1481 1973 37 439
19 9 16 55 15 1 3 298 8 32 25 250 14 236 67 33 78 47 0 92 633 104 23 54 3797 91 19 188 139 35 28 871 253 98 102 134
20 60 16 41 26 8 48 148 27 57 0 1052 34 42 6 43 66 24 56 12 17 33 118 75 19 49 232 13 68 210 21 907 59 7
21 21 25 6 13 47 124 71 15 11 107 49 50 35 17 4 26 56 59 39 29 2 36 19 27 34 1 99
22 3 16 21 27 47 2 133 78 15 161 72 0 60 33 7 66 25 44 9 96 40 19 54 11 38 55 6 18 23 70 1 51 58 124
23 21 35 1 23 11 15 17 34 4 44 139 31 10 95 24 36 57 70 50 42 32 55 29 25 2 122 58 18 66 22 81
24 104 28 4 15 21 3 23 27 9 10 22 91 31 1 42 24 19 60 20 40 6 70 25 5 67 75 128 58 52 34
25 109 27 227 37 129 2587 69 19 68 2 393 140 86 31 101 380 12 44 35 36 83 1 147 6 47 186 16 11 1199 249 24 4724 1667 13
26 60 19 8 27 66 12 91 11 46 62 15 6 4 42 47 79 13 25 0 37 187 1 43 3 36 139 26 55 59 168 18 23
27 53 45 10 7 16 15 70 11 12 21 35 60 4 30 47 17 69 28 50 1 119 6 72 151 43 77 41 48 40 54 92 82 97 31
28 148 0 3 64 264 22 2 60 114 88 32 34 272 144 128 9 7 12 4 58 53 82 51 41 83 55 43 102 35 19 67 42 14 44
29 131 3 35 2 76 36 49 360 71 329 44 20 11 48 37 118 139 90 57 490 89 281 62 54 73 4 109 19 66 13 51 41
30 9 3 25 20 10 41 102 43 625 51 0 14 256 67 44 128 19 148 234 7 64 40 47 2385 58 2 149 93 36 18 63 22 61 110 1610
31 105 34 28 25 8 7 26 16 43 19 29 37 40 3 31 83 75 11 12 15 22 102 20 68 13 2360 54 14 399 30 77 268 21 132
32 1 22 24 83 32 55 28 15 12 11 19 16 49 3 43 51 34 60 97 30 5 91 26 38 9 65 41 13 23 0 180 53 74 8
33 54 34 9 298 50 51 73 24 86 8 25 28 33 18 83 124 174 91 61 95 10 134 47 65 11 149 30 7 15 29 14 102 2 120
34 137 73 168 57 121 1 22 15 38 18 45 44 21 11 51 216 17 34 154 118 39 35 3 412 4 391 20 77 48 41 95 53 171
35 1959 646 123 88 9957 272 8973 6137 35 7718 419 42 235 476 7970 297 5221 259 4164 3236 1752 316 2239 344 6012 836 1074 1909 14 483 19 96 763 471 310 212
36 406 8 163 39 105 26 15 49 1080 280 36 99 11 107 42 66 25 187 12 4 13 0 120 35 71 119 94 434 1936 1027 469 27
37 45 20 246 24 36 48 35 100 15 25 49 26 3 88 154 11 60 129 54 41 30 38 28 19 1 6 40 73 8 114 13 90 18 131
38 37 68 121 147 40 20 13 125 141 170 28 257 54 66 161 73 42 29 99 179 906 253 8 585 1054 2360 3 25 4630 447 715 8948 475 41 120
39 56 322 79 22 18 55 2 102 335 251 7 99 506 17 337 189 143 42 60 632 701 119 213 608 2128 979 94 879 2688 750 7593 3813
40 42 6 38 23 210 18 16 13 68 47 53 21 27 19 248 20 63 265 24 1027 30 50 60 8 34 9 83 78 178 14 161 95 100 211 106 67
41 20 137 38 16 27 17 53 12 48 83 54 51 60 69 181 24 30 26 40 116 214 4 62 9 13 121 97 28 43 50 59 553
42 43 38 20 42 32 44 18 119 205 172 17 41 88 27 51 63 34 78 57 69 35 935 13 234 121 82 16 6 30 23 40 60 56 1001 10 22 53 1449
43 72 37 4 23 20 11 100 9 6 8 62 60 76 15 70 124 187 46 52 54 79 158 47 40 55 48 73 2 412 399 6126 194 324 27 93
44 16 25 48 27 95 301 7 43 78 9 3 18 256 146 41 498 19 92 14 51 8 4 742 122 30 10 389 34 4089 77 26 1246 69 75 20 214
45 4 2 15 11 23 8 42 37 1 60 309 18 31 52 156 20 32 3 48 91 47 27 24 40 26 83 12 85 0 135 67 332
46 22 42 88 15 47 103 119 46 102 12 5 97 11 14 64 61 44 60 69 0 20 17 104 43 59 19 40 4 128 31 30 70 49
47 45 27 54 13 17 1 29 23 6 18 174 139 59 70 15 57 35 25 55 129 47 46 50 10 33 43 16 58 131 60 14 229
48 99 9 67 3 21 51 134 164 34 168 48 58 30 300 22 79 75 70 25 0 7 163 118 68 8 26 53 124 12 56
49 19 60 5 49 186 229 68 59 42 12 55 121 15 29 128 4 61 88 76 7 0 22 14 1 114 96 212 272 28 40 21 77 11 20
50 19 15 69 17 28 102 11 22 44 77 16 1 20 45 36 34 30 31 114 7 88 18 322 41 137 233 140 24 38 14 228 53 21 48 46 40 12 2292
51 9234 8783 9 63 4606 23 6 4705 288 966 597 725 22 33 213 1989 2410 2420 159 788 1224 508 383 1728 200 3586 198 334 14 197 53 5 70 1417 6237 3824 45 3924 30
52 16 30 38 5 498 18 310 244 418 41 145 47 397 68 23 67 868 48 170 14 0 26 133 63 106 42 211 120 296 24 10 951
53 20 1866 100 3 6 4 8 48 9 73 13 40 51 11 62 110 60 25 246 2 54 23 24 12 76 72 118 216 70 121 79 92 36 332 55
54 17 27 180 38 37 115 20 44 16 2 32 82 35 41 109 34 19 137 43 62 18 10 22 54 4 69 48 42 5 7 88 56 52 78 119 158 8 143
55 8 0 12 2 65 13 22 11 88 460 21 44 9 15 146 7 3 25 189 43 117 4 41 264 55 34 10 20 35 80 32 53 45 24
56 3 20 25 24 9 2 28 10 154 181 44 128 23 6 19 62 40 51 58 13 0 63 46 66 36 89 38 7 170 54 34 21
57 54 131 45 17 27 38 55 13 46 118 49 59 11 43 5 60 62 91 69 4 25 35 33 16 422 84 30 56 77 111 136 114 50
58 22 3 175 13 144 9 89 128 4 73 381 78 294 196 1 49 51 460 244 32 264 121 168 41 137 720 325 254 161 0 8 2
59 65 725 21 769 1011 6238 1429 2187 203 11 323 22 8601 75 111 1412 82 31 225 216 1566 3843 902 58 1728 6408 762 585 2980 1264 64 189 2295 70 933 2479 139
60 88 123 38 18 122 2 0 59 124 235 69 121 16 238 4 114 65 52 60 115 7 21 42 297 58 78 758 14 130 103 19 83 76 1909 29
61 12 45 20 38 69 54 43 60 48 53 422 25 24 51 26 50 16 4 40 42 41 213 97 2 13 30 84 55 62 65 35 5 11 83
62 19 6 25 92 21 24 117 7 16 34 69 64 8 248 9 13 47 3 151 95 27 31 527 60 90 1 100 10 58 20 22 277
63 255 75 147 715 8 25 34 42 475 92 86 68 401 3 40 31 83 1054 125 66 37 99 106 257 399 105 56 41 13 19
64 60 8 48 158 11 100 4 91 161 6 332 327 187 20 46 42 465 27 3317 24 15 62 79 399 9 13 72 23 3 336 505 356 2 84 296
65 47 27 173 45 18 119 59 64 97 69 54 17 60 131 183 25 82 35 62 22 46 57 11 30 43 53 129 38 110 34 12 16 5 323 19
66 11 95 39 13 10 59 15 29 82 77 54 131 45 186 25 55 4 126 292 17 23 33 50 6 49 21 1424 36 74
67 65 18 27 1 37 54 60 35 50 13 51 78 70 32 23 10 66 33 139 45 11 119 12 25 16 58 15 53 9 79 34 6 26 28 21
68 2 24 37 23 11 76 20 47 62 40 79 324 9 4 243 248 52 194 170 58 46 3 41 15 100 509 42 60 6 51 117 21 54
69 63 8 69 47 6 24 142 25 26 28 75 43 35 22 13 38 62 9 80 186 145 107 162 209 10 11 111 1935 109 146 88 394 512 361
70 69 20 24 76 253 48 248 83 81 38 75 28 1 11 54 62 44 176 55 84 53 91 42 2 112 106 12 142 116 16 4 179 65 122
71 68 37 105 30 41 31 54 89 40 19 101 92 75 546 17 10 42 28 8 36 147 77 715 34 2 7 143 13 3 182 121 268
72 20 72 2 4 216 79 6 8 100 54 243 24 84 62 42 55 48 9 38 23 65 158 11 187 124 37 798 91 121 40 60 138 213 51 110 13 46 25
73 3 33 9 17 11 72 69 65 70 12 1 250 16 40 50 92 23 32 53 47 21 100 4 99 41 124 30 609 74 10 15 218 28
74 37 10 2 9 51 109 24 54 47 66 38 28 19 65 64 625 34 39 134 234 264 59 431 163 56 20 36 170 82 582
75 25 13 62 147 29 54 34 66 45 37 97 19 129 8 170 1073 173 64 69 57 17 75 28 59 43 86 30 174 16 65 60 3 26
76 48 5 22 47 14 185 0 3 15 28 46 61 21 35 60 34 16 43 20 244 79 128 26 17 51 38 133 30 73 54 100
77 5350 8733 161 21 1593 207 2 244 81 651 4138 2657 19 273 1130 433 499 173 168 24 16 2517 134 8466 78 2942 76 447 6745 635 2378 222 3603 11 1407 1888
78 29 23 83 21 10 15 13 9 70 44 145 4 34 172 42 67 25 45 58 24 292 17 5 46 3 1 16 35 59 38 96 62
79 60 87 3 0 12 13 76 49 11 35 66 88 36 20 19 2 6 62 238 110 281 291 485 115 170 159 100 5 131 169 73 55 112
80 81 69 136 20 54 17 28 104 4 75 12 137 24 51 214 50 40 65 181 5 53 422 94 1 131 287 30 39 55
81 11 22 19 8 3 60 31 9 23 120 21 16 1 27 47 15 0 4 67 14 42 117 49 12 209 34 74 68 26 24 85 13
82 20 36 55 3 58 247 2 184 38 9 54 120 56 41 25 110 12 37 52 47 24 63 61 131 21 82 5 10 42 0 8 67 13 60 84 22 565
83 12 49 19 69 1 11 55 38 60 5 4 59 13 62 30 45 97 17 84 179 54 47 43 50 39 119 28 162 27 227 66 46 22
84 15 86 1 28 39 25 54 8 20 3 24 57 26 19 40 34 17 83 9 21 18 124 22 2 58 27 38 81 69 60 11 56 114 4 102 129
85 187 31 88 78 95 67 59 8 18 1756 217 338 38 121 938 139 544 123 130 115 158 226 56 122 73 48 238 81 0 69 715 355 44 82 2973 3 5641 114 2652
86 50 13 21 8 24 100 9 2 11 18 60 178 0 68 45 6 42 16 47 22 3 67 38 25 10 33 230 41 30
87 8 179 13 19 36 3 92 42 66 30 99 50 130 26 25 97 101 29 34 257 108 81 119 56 1073 72 2 20
88 21 47 19 42 92 25 6 11 38 7 1 120 3 27 36 50 4 1027 95 24 35 8 13 67 160 173 278 113 9 90 49 60 510
89 11 178 127 60 21 53 6 64 50 10 33 27 79 23 12 81 3 34 161 726 9 16 13 205 218 22 66 87 230
90 42 19 7 34 21 27 35 83 12 14 60 140 38 43 4 96 331 57 17 3 9 1 5 184 137 53 88 55 90 92 32 6 124 66 44 52 20 158
91 663 2477 164 327 114 338 60 644 47 42 7 68 0 19 55 61 184 228 2 46 4 139 22 70 84 39 97 104 133 281 36 6 15 445 654
92 42 169 3 50 179 13 19 20 248 8 30 34 24 120 97 92 2 31 86 18 69 66 22 194 25 1 205 68 36 121
93 39 15 49 36 107 71 187 11 35 25 4 13 6 406 50 59 42 8 21 60 126 56 1152 131 26 152 1 122 27 90 67 119 1948 45
94 402 148 3458 861 301 114 2882 1506 217 309 272 830 8 1150 332 11 554 15 209 645 1865 1000 83 135 975 900 180 264 1663 55 268 7971 232 156 130 960 43 655 374
95 119 59 19 152 37 66 200 18 131 85 129 1863 54 27 120 62 147 12 50 26 0 519 78 29 60 65 76 57 160 139 110 652 38 132 82 84 34
96 41 17 131 5 37 67 68 7 28 8 38 10 81 33 30 14 54 16 31 72 3 19 156 52 34 42 56 71 82 46 4 48 2 229
97 6 24 69 20 100 13 50 21 42 72 45 9 11 8 4 27 7 18 124 131 277 10 559 178 3 216 173 14 241 49 38 86 16 52 60 120
98 55 40 42 229 13 39 77 10 23 139 1 63 11 82 120 28 104 56 76 52 114 641 44 66 142 4 110 75 22 45 6 153 106 41
99 13 29 12 119 67 25 21 168 19 62 8 18 36 37 66 79 7 60 43 11 22 30 68 113 38 71 15 27 45 406 97 26 503 2 35
